610
633
766
827
747
895
785
870
752
784
850
845
910
890
844
869
930
981
730
828
942
852
854
886
878
840
934
888
943
916
1040
885
797
880
882
967
930
824
828
846
839
808
776
962
943
1058
877
869
850
953
904
934
1005
864
871
924
964
890
933
922
974
877
937
790
835
990
919
847
934
874
902
941
987
956
918
846
959
978
895
900
958
945
925
978
914
870
921
1036
951
922
877
955
963
1017
933
891
874
896
916
941
977
914
1031
853
907
825
856
937
938
876
940
933
970
859
920
946
863
961
878
877
925
895
932
1000
917
886
901
919
921
986
981
905
899
820
892
944
994
930
973
897
830
770
889
954
916
896
963
785
994
991
927
922
999
958
906
959
931
982
944
978
924
1007
995
973
868
952
966
992
966
1015
980
1057
970
957
970
914
1020
1011
920
935
1040
959
906
895
982
870
975
947
951
1018
890
951
984
963
962
959
941
959
847
988
933
959
962
897
895
947
890
963
950
1018
893
994
1011
976
999
897
943
1023
1001
1042
927
986
959
904
1044
991
936
949
979
917
991
924
961
871
998
1005
924
901
945
858
907
936
943
956
985
931
909
902
951
893
100
924
852
1000
977
915
857
903
893
861
932
970
916
970
973
1062
864
944
968
917
1038
945
917
961
844
880
991
903
1016
910
932
973
1024
973
946
1027
1039
1039
983
996
1082
1054
1070
999
1012
1008
887
917
974
1061
973
961
1010
1020
1037
905
1004
1092
999
1042
977
994
974
967
990
914
1027
1084
968
944
1000
933
1044
957
1050
1002
961
1013
949
1003
943
1009
909
1028
960
978
956
1021
1028
1009
946
985
996
995
1012
1075
1104
956
909
965
999
1034
945
920
1014
989
923
975
913
951
945
1075
962
976
1000
1034
910
1031
987
930
1048
991
971
994
984
972
932
1023
1048
897
892
943
1006
966
1042
999
1000
1007
1013
1023
912
983
1034
1056
993
1013
929
871
987
987
932
1119
1013
1017
984
990
1080
1064
1113
1036
1031
1033
960
1085
1042
986
1101
982
1004
990
968
903
1026
1012
1046
986
942
941
979
900
965
1052
929
1046
1033
1092
1015
1159
1007
999
935
1017
953
1047
872
1076
1146
1059
1063
1075
987
1062
974
1016
1063
999
1085
914
975
1110
1096
1059
1067
1073
1141
1058
1108
936
982
989
1107
1123
1046
1141
1037
977
1046
1034
1119
998
1058
1040
1010
1005
1118
1014
1204
1070
1146
1053
1157
1106
1047
1097
1038
1056
1080
1089
1044
1051
959
1188
1017
1165
1005
1057
1037
999
923
1062
1178
955
1109
1048
1061
1072
994
1066
1131
1073
1153
1015
1133
1048
1047
1083
1098
972
1043
1142
1103
1008
1129
1005
1085
1075
1176
1140
1086
1006
1048
1094
1027
1126
1070
1127
1132
1057
1112
1076
1013
1199
1079
1113
1245
1080
1069
1164
1063
1168
1018
1126
1188
1133
1117
1250
1207
1102
1091
1173
1165
1174
1268
1090
1134
1053
1188
1019
1141
1042
1103
1139
1119
1182
1271
1252
1108
1166
974
1166
1185
1177
1194
1143
1124
1125
1245
1045
1105
1165
1165
1073
1251
1213
1174
1151
1098
1216
1197
1305
1230
1196
1236
1228
1097
1167
1272
1105
1259
1091
1168
1268
1314
1138
1283
1226
1237
1207
1272
1318
1218
1213
1220
1115
1108
1175
1272
1252
1255
1268
1209
1300
1209
1260
1113
1225
1251
1249
1308
1281
1342
1252
1272
1331
1231
1352
1325
1379
1353
1450
1443
