610
633
766
827
747
895
785
870
752
784
850
844
869
930
981
730
828
942
852
854
886
846
839
808
776
962
943
1058
877
869
994
930
973
897
830
770
889
954
916
896
963
785
994
944
968
917
1038
945
917
961
844
880
991
903
932
1023
1048
897
892
943
1006
966
1042
999
1000
1007
1013
1023
912
1113
1036
1031
1033
960
1085
1042
986
1101
982
1004
990
968
903
1026
1012
1046
986
942
941
979
900
965
1052
929
1046
1033
1092
1015
1159
1007
999
953
1047
872
1076
1146
1059
1063
1075
987
1062
974
1016
1063
999
1085
914
975
1110
1096
1059
1067
1073
1141
1058
1108
936
982
989
1107
1123
1046
1141
1037
977
1046
1034
1119
998
1058
1040
1010
1005
1118
1014
1204
1070
1146
1053
1157
1106
1047
1097
1038
1056
1080
1089
1044
1051
959
1188
1017
1165
1005
1057
1037
999
923
1062
1178
955
1109
1048
1061
1072
994
1066
1131
1073
1153
1015
1133
1048
1047
1083
1098
972
1043
1142
1103
1008
1129
1005
1085
1075
1176
1140
1086
1006
1048
1094
1027
1126
1070
1127
1132
1057
1112
1076
1013
1199
1079
1113
1245
1080
1069
1164
1063
1168
1018
1126
1188
1133
1117
1250
1207
1102
1091
1173
1165
1174
1268
1090
1134
1053
1188
1019
1141
1042
1103
1139
1119
1182
1271
1252
1108
1166
974
1166
1185
1177
1194
1143
1124
1125
1245
1045
1105
1165
1165
1073
1251
1213
1174
1151
1098
1216
1197
1305
1230
1196
1236
1228
1097
1167
1272
1105
1259
1091
1168
1268
1314
1138
1283
1226
1237
1207
1272
1318
1218
1213
1220
1115
1108
1175
1272
1252
1255
1268
1209
1300
1209
1260
1113
1225
1251
1249
1308
1281
1342
1252
1272
1331
1231
1352
1325
1379
1353
1450
1443
