845
910
890
878
840
934
888
943
916
1040
885
797
880
882
967
930
824
828
850
953
904
934
1005
864
871
924
964
890
933
922
974
877
937
790
835
990
919
847
934
874
902
941
987
956
918
846
959
978
895
900
958
945
925
978
914
870
921
1036
951
922
877
955
963
1017
933
891
874
896
916
941
977
914
1031
853
907
825
856
937
938
876
940
933
970
859
920
946
863
961
878
877
925
895
932
1000
917
886
901
919
921
986
981
905
899
820
892
944
991
927
922
999
958
906
959
931
982
944
978
924
1007
995
973
868
952
966
992
966
1015
980
1057
970
957
970
914
1020
1011
920
935
1040
959
906
895
982
870
975
947
951
1018
890
951
984
963
962
959
941
959
847
988
933
959
962
897
895
947
890
963
950
1018
893
994
1011
976
999
897
943
1023
1001
1042
927
986
959
904
1044
991
936
949
979
917
991
924
961
871
998
1005
924
901
945
858
907
936
943
956
985
931
909
902
951
893
1002
924
852
1000
977
915
857
903
893
861
932
970
916
970
973
1062
864
1016
910
932
973
1024
973
946
1027
1039
1039
983
996
1082
1054
1070
999
1012
1008
887
917
974
1061
973
961
1010
1020
1037
905
1004
1092
999
1042
977
994
974
967
990
914
1027
1084
968
944
1000
933
1044
957
1050
1002
961
1013
949
1003
943
1009
909
1028
960
978
956
1021
1028
1009
946
985
996
995
1012
1075
1104
956
909
965
999
1034
945
920
1014
989
923
975
913
951
945
1075
962
976
1000
1034
910
1031
987
930
1048
991
971
994
984
972
983
1034
1056
993
1013
929
871
987
987
932
1119
1013
1017
984
990
1080
1064
935
1017
